Run semi-empirical minimization
 &qmmm
    qm_theory='AM1', grms_tol=0.0005,
 scfconv=1.d-10, ndiis_attempts=700,   qmcharge=-3,
 /
   6   CAP       22.0580       45.6360       29.2870 
   8   OAP       22.2490       45.3650       27.8900 
   6   CBP       20.6230       46.2150       29.5590 
   6   CDP       20.5100       46.7740       30.9940 
   6   CEP       20.2740       47.3340       28.5490 
  15   P1A       16.7840       41.7100       29.5940 
  15   P2A       19.4140       42.5150       29.9310 
  15   P3B       18.2310       44.6130       24.3130 
  16   S1P       18.2090       51.6610       29.9330 
   6   C2P       19.7560       50.8050       30.3910 
   6   C3P       21.0090       51.4790       29.8620 
   7   N4P       22.1870       50.7540       30.1820 
   6   C5P       23.0820       50.2570       29.1860 
   8   O5P       22.9150       50.3840       27.9670 
   6   C6P       24.3090       49.5800       29.7870 
   6   C7P       24.8140       48.3630       29.0060 
   7   N8P       23.7530       47.4480       28.7350 
   6   C9P       23.2430       46.5340       29.7070 
   8   O9P       23.7030       46.4620       30.8540 
   6   C1B       14.0540       44.5280       26.3970 
   7   N1A       11.3500       48.6500       28.0990 
   8   O1A       16.1550       41.9030       30.9840 
   6   C2A       12.1440       48.4990       27.0320 
   6   C2B       15.4820       45.0710       26.6030 
   8   O2A       17.2700       40.2480       29.4540 
   8   O2B       15.6500       46.2850       25.8560 
   6   C3B       16.4310       43.9790       26.0520 
   7   N3A       12.8300       47.4140       26.6620 
   8   O3A       17.9660       42.6820       29.4340 
   8   O3B       16.7710       44.2560       24.6700 
   6   C4A       12.6380       46.3500       27.5540 
   6   C4B       15.5240       42.7370       26.1100 
   8   O4A       19.4240       42.0810       31.4100 
   8   O4B       14.1850       43.1040       26.4600 
   6   C5A       11.8420       46.3730       28.6890 
   6   C5B       16.0810       41.7330       27.1190 
   8   O5A       20.1180       41.4470       29.0970 
   8   O5B       15.7490       42.0060       28.4860 
   6   C6A       11.1650       47.6020       28.9640 
   7   N6A       10.3680       47.7690       30.0210 
   8   O6A       20.2000       43.8130       29.7990 
   7   N7A       11.8720       45.1740       29.3410 
   8   O7A       18.6010       45.9620       24.9460 
   6   C8A       12.6740       44.4290       28.6040 
   8   O8A       19.1850       43.5200       24.8280 
   7   N9A       13.1810       45.0760       27.4890 
   8   O9A       18.3630       44.7200       22.7840 
   6   CCP       19.6170       45.0590       29.4200 
   1   H01       18.7620       45.8420       25.8850 
   1   HN4       22.4030       50.5810       31.1640 
   1   HN8       23.3390       47.4470       27.8030 
   1   HO1       21.7720       44.5440       27.6480 
   1  HO2A       14.8570       46.8500       25.9670 
   1   HS1       17.1920       50.9110       30.2380 
   1   H10       22.0740       44.7410       29.9080 
   1   H21       19.8190       50.7440       31.4770 
   1   H22       19.7190       49.7820       30.0160 
   1   H1B       13.5980       44.8180       25.4510 
   1   H31       20.9330       51.5850       28.7800 
   1   H32       21.0800       52.4850       30.2760 
   1   H2A       12.2430       49.3700       26.3840 
   1   H2B       15.6860       45.2910       27.6510 
   1   H3B       17.3720       43.8920       26.5960 
   1   H4B       15.5030       42.2740       25.1230 
   1   H61       25.1140       50.3110       29.8550 
   1   H62       24.0740       49.2700       30.8050 
   1   H71       25.2640       48.6900       28.0690 
   1   H72       25.5950       47.8600       29.5760 
   1   H8A       12.9160       43.3950       28.8510 
   1  H121       18.7440       45.2580       30.0410 
   1  H122       19.2680       45.0000       28.3890 
   1  H131       21.2140       47.5970       31.1200 
   1  H132       20.7410       45.9860       31.7110 
   1  H133       19.4960       47.1350       31.1650 
   1  H141       20.9880       48.1510       28.6500 
   1  H142       19.2690       47.7040       28.7490 
   1  H143       20.3190       46.9360       27.5350 
   1  H51A       17.1660       41.7060       27.0220 
   1  H52A       15.7130       40.7400       26.8620 
   1  H61A        9.9070       48.6660       30.1760 
   1  H62A       10.2190       47.0000       30.6740 

